NCP_138_1420_0031.png 2 0 120 512 411
NCP_434_2021_0085.png 2 18 86 512 423
CP_1366_3783_0006.png 1 12 130 496 385
CP_1771_3519_0029.png 1 67 91 468 390
CP_705_3067_0071.png 1 59 150 489 435
CP_1781_3568_0018.png 1 20 128 512 392
CP_1189_3407_0121.png 1 0 156 500 422
Normal_3854_5366_0107.png 0 17 146 477 446
Normal_794_229_0156.png 0 0 104 512 433
Normal_1716_988_0035.png 0 35 76 473 430
Normal_764_199_0115.png 0 60 119 449 395
normal4_patient176_SR_2_IM00011.png 0 0 83 512 467
LIDC-IDRI-0231-1.3.6.1.4.1.14519.5.2.1.6279.6001.246589849815292078281051154201-0083.png 0 28 90 512 453
CP_708_3070_0039.png 1 32 120 486 420
NCP_232_1608_0049.png 2 32 129 492 405
NCP_2681_2696_0029.png 2 25 72 469 391
volume-covid19-A-0309-0026.png 2 59 111 451 417
HUST-Patient1052-0164.png 2 17 56 500 398
HUST-Patient1204-0108.png 2 36 103 491 430
HUST-Patient1218-0073.png 2 21 114 494 430
HUST-Patient1315-0316.png 2 101 176 425 402
HUST-Patient1316-0193.png 2 22 145 501 472
HUST-Patient1321-0277.png 2 29 91 487 398
HUST-Patient1363-0178.png 2 0 211 503 512
HUST-Patient26-0021.png 2 18 128 479 384
HUST-Patient278-0191.png 2 11 176 481 453
HUST-Patient357-0137.png 2 0 113 507 440
HUST-Patient443-0189.png 2 73 195 442 414
STOIC-10595-0109.png 2 0 133 512 388
STOIC-1065-0264.png 2 51 58 470 415
STOIC-1099-0134.png 2 0 97 505 376
STOIC-1583-0369.png 2 43 110 488 447
STOIC-2445-0218.png 2 30 65 483 444
STOIC-2761-0165.png 2 0 107 512 455
STOIC-2907-0202.png 2 0 82 512 468
STOIC-3028-0174.png 2 26 158 506 419
STOIC-3116-0170.png 2 16 106 485 425
STOIC-3189-0245.png 2 0 59 512 500
STOIC-3507-0075.png 2 6 127 512 407
STOIC-3507-0159.png 2 5 99 512 411
STOIC-3552-0128.png 2 0 79 512 449
STOIC-3660-0161.png 2 0 104 512 484
STOIC-3788-0234.png 2 34 108 486 450
STOIC-408-0135.png 2 0 127 512 465
STOIC-4509-0284.png 2 0 50 504 414
STOIC-5142-0143.png 2 63 68 449 365
STOIC-5665-0091.png 2 0 86 512 419
STOIC-5731-0269.png 2 59 88 490 436
STOIC-5874-0119.png 2 0 109 512 450
STOIC-5888-0252.png 2 0 102 497 461
STOIC-6232-0307.png 2 12 121 512 456
STOIC-6236-0127.png 2 5 96 512 419
STOIC-6466-0065.png 2 0 117 512 500
STOIC-6517-0178.png 2 0 124 512 424
STOIC-6706-0159.png 2 28 82 497 455
STOIC-6792-0298.png 2 24 82 480 410
STOIC-6844-0149.png 2 18 113 506 484
STOIC-7333-0068.png 2 0 118 512 428
STOIC-7410-0200.png 2 0 84 512 410
STOIC-7689-0157.png 2 0 123 512 441
STOIC-771-0403.png 2 36 81 486 402
STOIC-8281-0184.png 2 0 111 512 459
STOIC-8325-0177.png 2 16 80 512 410
STOIC-8432-0226.png 2 14 98 489 434
STOIC-8483-0224.png 2 29 114 492 446
STOIC-8839-0118.png 2 0 149 512 425
STOIC-8996-0169.png 2 54 126 485 400
STOIC-9141-0222.png 2 4 178 501 472
STOIC-9383-0280.png 2 31 113 463 425
STOIC-9473-0215.png 2 5 105 512 437
STOIC-9543-0225.png 2 4 78 512 408
STOIC-9899-0189.png 2 0 40 512 475
STOIC-1480-0211.png 2 0 109 512 462
STOIC-2203-0234.png 2 0 0 506 436
STOIC-2916-0223.png 2 35 98 436 359
STOIC-2916-0352.png 2 76 89 453 353
STOIC-633-0370.png 2 0 119 495 501
STOIC-7470-0203.png 2 0 140 512 445
STOIC-9313-0135.png 2 0 138 512 491
A056642-01-07-1901-NA-CT-CHEST-PULMONARY-ANGIO-WITH-IV-CON-99467-2-0044.png 2 0 118 512 425
A086562-12-31-1900-NA-CT-CHEST-WO-IV-CONT-27270-3-0024.png 2 0 102 512 436
A292777-01-03-1901-NA-CT-ABD-AND-PELVIS-WITH-IV-CONT-26357-6-0111.png 2 0 116 438 416
COVIDCTMD-P095-IM0060.png 2 0 74 512 449
COVIDCTMD-P144-IM0100.png 2 25 116 476 436
